>> delta=-11.0403

delta =

  -11.0403

>> phi=39.907222222222

phi =

   39.9072

>> pi=3.1415926

pi =

    3.1416

>> a=[2.087e-4;9.2869e-3;-5.2258e-2;-1.3077e-3;-2.1867e-3;-1.51e-4]

a =

    0.0002
    0.0093
   -0.0523
   -0.0013
   -0.0022
   -0.0002

>> b=[0;-1.2229e-1;-1.5698e-1;-5.1602e-3;-2.9823e-3;-2.3463e-4]

b =

         0
   -0.1223
   -0.1570
   -0.0052
   -0.0030
   -0.0002

>> eot(660,a,b)

ans =

    0.0365

>> l=116.391388888889

l =

  116.3914

>> t=9:0.01:15

t =

  Columns 1 through 11

    9.0000    9.0100    9.0200    9.0300    9.0400    9.0500    9.0600    9.0700    9.0800    9.0900    9.1000

  Columns 12 through 22

    9.1100    9.1200    9.1300    9.1400    9.1500    9.1600    9.1700    9.1800    9.1900    9.2000    9.2100

  Columns 23 through 33

    9.2200    9.2300    9.2400    9.2500    9.2600    9.2700    9.2800    9.2900    9.3000    9.3100    9.3200

  Columns 34 through 44

    9.3300    9.3400    9.3500    9.3600    9.3700    9.3800    9.3900    9.4000    9.4100    9.4200    9.4300

  Columns 45 through 55

    9.4400    9.4500    9.4600    9.4700    9.4800    9.4900    9.5000    9.5100    9.5200    9.5300    9.5400

  Columns 56 through 66

    9.5500    9.5600    9.5700    9.5800    9.5900    9.6000    9.6100    9.6200    9.6300    9.6400    9.6500

  Columns 67 through 77

    9.6600    9.6700    9.6800    9.6900    9.7000    9.7100    9.7200    9.7300    9.7400    9.7500    9.7600

  Columns 78 through 88

    9.7700    9.7800    9.7900    9.8000    9.8100    9.8200    9.8300    9.8400    9.8500    9.8600    9.8700

  Columns 89 through 99

    9.8800    9.8900    9.9000    9.9100    9.9200    9.9300    9.9400    9.9500    9.9600    9.9700    9.9800

  Columns 100 through 110

    9.9900   10.0000   10.0100   10.0200   10.0300   10.0400   10.0500   10.0600   10.0700   10.0800   10.0900

  Columns 111 through 121

   10.1000   10.1100   10.1200   10.1300   10.1400   10.1500   10.1600   10.1700   10.1800   10.1900   10.2000

  Columns 122 through 132

   10.2100   10.2200   10.2300   10.2400   10.2500   10.2600   10.2700   10.2800   10.2900   10.3000   10.3100

  Columns 133 through 143

   10.3200   10.3300   10.3400   10.3500   10.3600   10.3700   10.3800   10.3900   10.4000   10.4100   10.4200

  Columns 144 through 154

   10.4300   10.4400   10.4500   10.4600   10.4700   10.4800   10.4900   10.5000   10.5100   10.5200   10.5300

  Columns 155 through 165

   10.5400   10.5500   10.5600   10.5700   10.5800   10.5900   10.6000   10.6100   10.6200   10.6300   10.6400

  Columns 166 through 176

   10.6500   10.6600   10.6700   10.6800   10.6900   10.7000   10.7100   10.7200   10.7300   10.7400   10.7500

  Columns 177 through 187

   10.7600   10.7700   10.7800   10.7900   10.8000   10.8100   10.8200   10.8300   10.8400   10.8500   10.8600

  Columns 188 through 198

   10.8700   10.8800   10.8900   10.9000   10.9100   10.9200   10.9300   10.9400   10.9500   10.9600   10.9700

  Columns 199 through 209

   10.9800   10.9900   11.0000   11.0100   11.0200   11.0300   11.0400   11.0500   11.0600   11.0700   11.0800

  Columns 210 through 220

   11.0900   11.1000   11.1100   11.1200   11.1300   11.1400   11.1500   11.1600   11.1700   11.1800   11.1900

  Columns 221 through 231

   11.2000   11.2100   11.2200   11.2300   11.2400   11.2500   11.2600   11.2700   11.2800   11.2900   11.3000

  Columns 232 through 242

   11.3100   11.3200   11.3300   11.3400   11.3500   11.3600   11.3700   11.3800   11.3900   11.4000   11.4100

  Columns 243 through 253

   11.4200   11.4300   11.4400   11.4500   11.4600   11.4700   11.4800   11.4900   11.5000   11.5100   11.5200

  Columns 254 through 264

   11.5300   11.5400   11.5500   11.5600   11.5700   11.5800   11.5900   11.6000   11.6100   11.6200   11.6300

  Columns 265 through 275

   11.6400   11.6500   11.6600   11.6700   11.6800   11.6900   11.7000   11.7100   11.7200   11.7300   11.7400

  Columns 276 through 286

   11.7500   11.7600   11.7700   11.7800   11.7900   11.8000   11.8100   11.8200   11.8300   11.8400   11.8500

  Columns 287 through 297

   11.8600   11.8700   11.8800   11.8900   11.9000   11.9100   11.9200   11.9300   11.9400   11.9500   11.9600

  Columns 298 through 308

   11.9700   11.9800   11.9900   12.0000   12.0100   12.0200   12.0300   12.0400   12.0500   12.0600   12.0700

  Columns 309 through 319

   12.0800   12.0900   12.1000   12.1100   12.1200   12.1300   12.1400   12.1500   12.1600   12.1700   12.1800

  Columns 320 through 330

   12.1900   12.2000   12.2100   12.2200   12.2300   12.2400   12.2500   12.2600   12.2700   12.2800   12.2900

  Columns 331 through 341

   12.3000   12.3100   12.3200   12.3300   12.3400   12.3500   12.3600   12.3700   12.3800   12.3900   12.4000

  Columns 342 through 352

   12.4100   12.4200   12.4300   12.4400   12.4500   12.4600   12.4700   12.4800   12.4900   12.5000   12.5100

  Columns 353 through 363

   12.5200   12.5300   12.5400   12.5500   12.5600   12.5700   12.5800   12.5900   12.6000   12.6100   12.6200

  Columns 364 through 374

   12.6300   12.6400   12.6500   12.6600   12.6700   12.6800   12.6900   12.7000   12.7100   12.7200   12.7300

  Columns 375 through 385

   12.7400   12.7500   12.7600   12.7700   12.7800   12.7900   12.8000   12.8100   12.8200   12.8300   12.8400

  Columns 386 through 396

   12.8500   12.8600   12.8700   12.8800   12.8900   12.9000   12.9100   12.9200   12.9300   12.9400   12.9500

  Columns 397 through 407

   12.9600   12.9700   12.9800   12.9900   13.0000   13.0100   13.0200   13.0300   13.0400   13.0500   13.0600

  Columns 408 through 418

   13.0700   13.0800   13.0900   13.1000   13.1100   13.1200   13.1300   13.1400   13.1500   13.1600   13.1700

  Columns 419 through 429

   13.1800   13.1900   13.2000   13.2100   13.2200   13.2300   13.2400   13.2500   13.2600   13.2700   13.2800

  Columns 430 through 440

   13.2900   13.3000   13.3100   13.3200   13.3300   13.3400   13.3500   13.3600   13.3700   13.3800   13.3900

  Columns 441 through 451

   13.4000   13.4100   13.4200   13.4300   13.4400   13.4500   13.4600   13.4700   13.4800   13.4900   13.5000

  Columns 452 through 462

   13.5100   13.5200   13.5300   13.5400   13.5500   13.5600   13.5700   13.5800   13.5900   13.6000   13.6100

  Columns 463 through 473

   13.6200   13.6300   13.6400   13.6500   13.6600   13.6700   13.6800   13.6900   13.7000   13.7100   13.7200

  Columns 474 through 484

   13.7300   13.7400   13.7500   13.7600   13.7700   13.7800   13.7900   13.8000   13.8100   13.8200   13.8300

  Columns 485 through 495

   13.8400   13.8500   13.8600   13.8700   13.8800   13.8900   13.9000   13.9100   13.9200   13.9300   13.9400

  Columns 496 through 506

   13.9500   13.9600   13.9700   13.9800   13.9900   14.0000   14.0100   14.0200   14.0300   14.0400   14.0500

  Columns 507 through 517

   14.0600   14.0700   14.0800   14.0900   14.1000   14.1100   14.1200   14.1300   14.1400   14.1500   14.1600

  Columns 518 through 528

   14.1700   14.1800   14.1900   14.2000   14.2100   14.2200   14.2300   14.2400   14.2500   14.2600   14.2700

  Columns 529 through 539

   14.2800   14.2900   14.3000   14.3100   14.3200   14.3300   14.3400   14.3500   14.3600   14.3700   14.3800

  Columns 540 through 550

   14.3900   14.4000   14.4100   14.4200   14.4300   14.4400   14.4500   14.4600   14.4700   14.4800   14.4900

  Columns 551 through 561

   14.5000   14.5100   14.5200   14.5300   14.5400   14.5500   14.5600   14.5700   14.5800   14.5900   14.6000

  Columns 562 through 572

   14.6100   14.6200   14.6300   14.6400   14.6500   14.6600   14.6700   14.6800   14.6900   14.7000   14.7100

  Columns 573 through 583

   14.7200   14.7300   14.7400   14.7500   14.7600   14.7700   14.7800   14.7900   14.8000   14.8100   14.8200

  Columns 584 through 594

   14.8300   14.8400   14.8500   14.8600   14.8700   14.8800   14.8900   14.9000   14.9100   14.9200   14.9300

